9,6,6
#dimension
0,0,0,0x212121
0,0,5,0x212121
0,1,0,0x212121
0,1,1,0xe76300
0,1,2,0xe76300
0,1,3,0xe76300
0,1,4,0xe76300
0,1,5,0x212121
0,2,2,0xe76300
0,2,3,0xe76300
0,3,2,0xe76300
0,3,3,0xe76300
0,4,3,0x8c8c8c
0,5,3,0x8c8c8c
0,5,4,0x8c8c8c
1,0,0,0x212121
1,0,5,0x212121
1,1,0,0x212121
1,1,1,0xe76300
1,1,2,0xe76300
1,1,3,0xe76300
1,1,4,0xe76300
1,1,5,0x212121
1,2,2,0xe76300
1,2,3,0xe76300
1,3,2,0xe76300
1,3,3,0xe76300
2,1,1,0xe76300
2,1,2,0xe76300
2,1,3,0xe76300
2,1,4,0xe76300
2,2,2,0xe76300
2,2,3,0xe76300
2,3,2,0xe76300
2,3,3,0xe76300
2,4,2,0x002142
2,4,3,0x002142
2,5,2,0xe76300
2,5,3,0xe76300
3,0,0,0x212121
3,0,5,0x212121
3,1,0,0x212121
3,1,1,0xe76300
3,1,2,0xe76300
3,1,3,0xe76300
3,1,4,0xe76300
3,1,5,0x212121
3,2,2,0xe76300
3,2,3,0xe76300
3,3,1,0xe76300
3,3,2,0xe76300
3,3,3,0xe76300
3,3,4,0xe76300
3,4,2,0xe76300
3,4,3,0xe76300
3,5,2,0xe76300
3,5,3,0xe76300
4,0,0,0x212121
4,0,5,0x212121
4,1,0,0x212121
4,1,1,0xe76300
4,1,2,0xe76300
4,1,3,0xe76300
4,1,4,0xe76300
4,1,5,0x212121
4,2,1,0xe76300
4,2,2,0xe76300
4,2,3,0xe76300
4,2,4,0xe76300
4,3,1,0xe76300
4,3,2,0x002142
4,3,3,0x002142
4,3,4,0xe76300
4,4,2,0x002142
4,4,3,0x002142
4,5,2,0x002142
4,5,3,0x002142
5,2,1,0xe76300
5,2,4,0xe76300
6,1,0,0xe76300
6,1,1,0xe76300
6,1,2,0xe76300
6,1,3,0xe76300
6,1,4,0xe76300
6,1,5,0xe76300
6,2,0,0xe76300
6,2,1,0xe76300
6,2,2,0xe76300
6,2,3,0xe76300
6,2,4,0xe76300
6,2,5,0xe76300
6,3,0,0xe76300
6,3,1,0xe76300
6,3,2,0xe76300
6,3,3,0xe76300
6,3,4,0xe76300
6,3,5,0xe76300
7,1,0,0xe76300
7,1,1,0xe76300
7,1,2,0xe76300
7,1,3,0xe76300
7,1,4,0xe76300
7,1,5,0xe76300
7,2,0,0xe76300
7,2,5,0xe76300
8,1,0,0xe76300
8,1,1,0xe76300
8,1,2,0xe76300
8,1,3,0xe76300
8,1,4,0xe76300
8,1,5,0xe76300
#solution
0,0,4,1
0,5,4,1
1,0,7,2
1,1,8,1
1,2,8,1
1,3,8,1
1,4,8,1
1,5,7,2
2,0,2,0
2,2,6,1
2,3,6,1
2,4,3,0
3,0,1,0
3,1,3,1
3,2,6,1
3,3,6,1
3,4,3,1
3,5,1,0
4,0,0,0
4,2,3,0
4,3,4,1
4,5,0,0
5,0,0,0
5,3,4,1
5,4,1,0
5,5,0,0
#hint x
0,0,2,0
0,5,2,0
1,0,2,0
1,1,1,0
1,2,3,0
1,4,1,0
1,5,2,0
2,1,1,0
2,2,5,0
2,3,5,0
2,4,1,0
3,1,2,1
3,2,5,0
3,3,5,0
3,4,2,1
3,5,2,0
4,0,2,0
4,1,3,0
4,4,3,0
4,5,2,0
5,1,1,0
5,2,0,0
5,3,0,0
5,4,1,0
6,0,3,0
6,1,3,0
6,2,3,0
6,3,3,0
6,4,3,0
6,5,3,0
7,0,2,0
7,1,1,0
7,2,1,0
7,3,1,0
7,4,1,0
7,5,2,0
8,1,1,0
8,2,1,0
8,3,1,0
8,4,1,0
8,5,1,0
#hint y
0,0,2,1
0,2,2,0
0,3,2,0
0,4,1,0
0,5,2,0
1,0,2,1
1,2,2,0
2,1,4,0
2,2,2,0
2,5,2,0
3,0,2,1
3,5,2,0
4,0,2,1
4,5,2,0
5,2,2,1
#hint z